0.495568
0.496392
0.497217
0.504844
0.503195
0.506906
0.510616
0.51041
0.509998
0.511647
0.516182
0.517625
0.519274
0.518656
0.525253
0.525871
0.531437
0.530818
0.533911
0.538033
0.53288
0.543805
0.540507
0.543393
0.54463
0.548547
0.553082
0.558854
0.565863
0.566275
0.565244
0.577201
0.574933
0.573696
0.572665
0.581942
0.585652
0.592249
0.595341
0.590188
0.597815
0.597815
0.596166
0.602968
0.60503
0.607504
0.61142
0.614719
0.611214
0.621521
0.619254
0.618841
0.620903
0.622964
0.624407
0.622758
0.630385
0.63389
0.630385
0.636157
0.637188
0.644403
0.647495
0.650588
0.651
0.654298
0.649351
0.646052
0.647083
0.651
0.651618
0.651
0.651206
0.65368
0.662132
0.648938
0.655329
0.65739
0.661101
0.657596
0.657803
0.653061
0.654917
0.658627
0.661925
0.665636
0.670996
0.675119
0.673882
0.673882
0.677592
0.685632
0.690579
0.687487
0.682127
0.684807
0.687281
0.690167
0.690992
0.686044
0.689342
0.689549
0.68893
0.689755
0.69161
0.698825
0.703772
0.698825
0.699443
0.701711
0.699856
0.697794
0.692847
0.698207
0.694702
0.693053
0.698825
0.702123
0.699237
0.698619
0.706658
0.703154
0.708926
0.706246
0.708926
0.704803
0.706452
0.709338
0.712018
0.703979
0.7114
0.716966
0.722119
0.717172
0.716759
0.720882
0.72047
0.714904
0.723356
0.723562
0.722944
0.720676
0.722531
0.725005
0.722738
0.724387
0.728097
0.730571
0.734488
0.729128
0.726242
0.730983
0.733663
0.733251
0.733251
0.735931
0.735931
0.735931
0.739847
0.740878
0.745619
0.743764
0.751598
0.749948
0.744795
0.745413
0.748505
0.750361
0.749536
0.748712
0.748299
0.747681
0.748093
0.748918
0.747475
0.748093
0.751185
0.758606
0.761286
0.760256
0.757576
0.761699
0.764791
0.761699
0.761905
0.761905
0.765203
0.764997
0.756133
0.759431
0.758194
0.765203
0.764997
0.772418
0.7718
0.774067
0.777365
0.773861
0.775098
0.774479
0.768914
0.773449
0.774479
0.776541
0.769944
0.769532
0.769738
0.774273
0.777778
0.780045
0.777159
0.781282
0.77283
0.773861
0.769738
0.770975
0.773655
0.774479
0.774067
0.769326
0.771181
0.773655
0.773655
0.774273
0.769738
0.767677
0.7718
0.767883
0.771181
0.774479
0.772212
0.773861
0.781076
0.781901
0.779427
0.780664
0.775304
0.776953
0.777778
0.778602
0.768707
0.774273
0.773243
0.773243
0.782931
0.781282
0.781488
0.782313
0.78726
0.78891
0.78355
0.782931
0.781694
0.782107
0.782519
0.777778
0.77819
0.785611
0.781076
0.783962
0.78623
0.788085
0.790971
0.783756
0.787054
0.791589
0.793651
0.795918
0.797568
0.794269
0.797155
0.797361
0.792208
0.792414
0.791589
0.797361
0.796331
0.796743
0.80066
0.799011
0.798392
0.798598
0.803133
0.799629
0.797155
0.798392
0.799217
0.796537
0.797361
0.802927
0.803133
0.799217
0.806019
0.80066
0.802309
0.799835
0.803546
0.803958
0.807256
0.807669
0.808905
0.813853
0.816739
0.816533
0.816327
0.816945
0.81612
0.809936
0.817976
0.819006
0.816327
0.818594
0.823954
0.829107
0.825191
0.824778
0.824572
0.823542
0.823335
0.823129
0.827458
0.824985
0.825191
0.82684
0.830138
0.826428
0.822511
0.81777
0.823954
0.824778
0.822717
0.827871
0.827458
0.822099
0.823129
0.825603
0.828489
0.825603
0.82148
0.826634
0.825397
0.824985
0.818388
0.818182
0.820656
0.821068
0.822511
0.819625
0.821686
0.818388
0.823129
0.821068
0.822923
0.820243
0.820862
0.820449
0.821068
0.819419
0.821892
0.823129
0.826428
0.826015
0.830138
0.830138
0.830344
0.835498
0.832612
0.838796
0.836322
0.83591
0.839621
0.833024
0.838796
0.839621
0.834673
0.836116
0.836529
0.832612
0.832406
0.828283
0.832406
0.831787
0.834673
0.829314
0.830344
0.829107
0.828283
0.830757
0.834055
0.830757
0.835704
0.835086
0.840239
0.839208
0.842094
0.83591
0.843125
0.84498
0.845393
0.845187
0.844568
0.841064
0.842301
0.845187
0.838384
0.842094
0.839621
0.834673
0.834055
0.840239
0.844156
0.84498
0.840445
0.843331
0.840239
0.836322
0.840033
0.833849
0.833024
0.832612
0.83591
0.839002
0.844362
0.842713
0.840033
0.838384
0.839415
0.842507
0.844362
0.843331
0.844568
0.842094
0.840858
0.840651
0.839415
0.837972
0.842301
0.839415
0.844362
0.83859
0.839208
0.843537
0.841888
0.840239
0.842301
0.844568
0.842301
0.840033
0.840239
0.839415
0.84127
0.842094
0.843125
0.84766
0.844774
0.843537
0.842094
0.839208
0.83859
0.840445
0.836735
0.836529
0.836529
0.840239
0.837147
0.833436
0.839621
0.834673
0.834467
0.834467
0.839621
0.84663
0.844568
0.845393
0.843744
0.845393
0.840445
0.831581
0.841888
0.842507
0.840033
0.839621
0.840239
0.842507
0.839208
0.841682
0.839827
0.835704
0.839208
0.839827
0.838796
0.840239
0.841682
0.840239
0.839621
0.835498
0.840445
0.836735
0.837972
0.842094
0.83591
0.833024
0.827458
0.830344
0.83323
0.827458
0.829314
0.823954
0.824985
0.823954
0.826221
0.826634
0.828489
0.828077
0.830138
0.827871
0.825809
0.83055
0.828489
0.827046
0.823335
0.827458
0.827871
0.832612
0.825397
0.82952
0.83055
0.828695
0.830757
0.830963
0.829314
0.83323
0.836529
0.83859
0.837353
0.837972
0.834261
0.840445
0.837353
0.837147
0.833643
0.836941
0.834261
0.834879
0.839208
0.839415
0.833436
0.834467
0.836735
0.840445
0.837147
0.843537
0.841682
0.832612
0.834879
0.833643
0.830757
0.830757
0.832818
0.836941
0.836735
0.836322
0.840445
0.844362
0.849722
0.84395
0.840858
0.839208
0.837353
0.843331
0.839827
0.843331
0.837765
0.844156
0.842301
0.84498
0.845599
0.839827
0.833849
0.834261
0.830344
0.838178
0.834055
0.837147
0.843537
0.841888
0.843125
0.842713
0.84127
0.842919
0.847042
0.843331
0.844568
0.848073
0.843125
0.84663
0.842094
0.840239
0.837972
0.838384
0.838796
0.840033
0.836941
0.836735
0.831787
0.826221
0.83859
0.834467
0.835704
0.839208
0.843537
0.843537
0.847042
0.845393
0.848279
0.845393
0.849516
0.846836
0.85034
0.851371
0.855494
0.852814
0.848691
0.850134
0.848279
0.848691
0.847454
0.845393
0.846011
0.849516
0.844156
0.845599
0.844568
0.842713
0.845393
0.848279
0.854669
0.852402
0.855288
0.856524
0.851783
0.846836
0.849722
0.849928
0.848485
0.849309
0.84766
0.848279
0.850752
0.845805
0.850134
0.857349
0.857761
0.856112
0.8557
0.858998
0.857761
0.855288
0.856937
0.85941
0.857143
0.853845
0.853226
0.854875
0.862709
0.863121
0.862709
0.86106
0.860441
0.861884
0.854257
0.855494
0.859823
0.860029
0.857349
0.861472
0.864564
0.863533
0.866419
0.863739
0.857967
0.857143
0.857555
0.858792
0.859617
0.857555
0.852402
0.859617
0.855081
0.85838
0.860235
0.864152
0.858586
0.862709
0.86106
0.858998
0.861472
0.861884
0.866007
0.861266
0.856112
0.859823
0.861266
0.859204
0.861884
0.863533
0.861266
0.85838
0.864976
0.864358
0.856524
0.860647
0.863533
0.864358
0.864976
0.872397
0.86745
0.866625
0.865595
0.868481
0.868068
0.865182
0.864564
0.866007
0.858792
0.864358
0.869511
0.871573
0.871573
0.866625
0.868481
0.868481
0.872191
0.870542
0.866007
0.864358
0.863121
0.865389
0.863121
0.865595
0.86477
0.868275
0.865801
0.868481
0.871985
0.87013
0.865595
0.865389
0.868481
0.867244
0.866213
0.868893
0.871985
0.872604
0.874253
0.867656
0.871161
0.86209
0.861472
0.863533
0.864564
0.866625
0.863739
0.863327
0.862709
0.861678
0.866625
0.870748
0.864358
0.866007
0.864564
0.861472
0.860853
0.865801
0.860647
0.862709
0.8557
0.857349
0.856112
0.859823
0.854669
0.856318
0.85838
0.867244
0.866419
0.866832
0.870336
0.866213
0.871367
0.867038
0.874459
0.868275
0.868068
0.867038
0.865595
0.862915
0.864976
0.863121
0.85941
0.863121
0.871161
0.868275
0.870336
0.865389
0.85838
0.867244
0.860647
0.864152
0.86106
0.85838
0.860853
0.865595
0.865801
0.863946
0.865389
0.866832
0.865182
0.866007
0.862503
0.867038
0.861472
0.858174
0.851783
0.858998
0.854257
0.857967
0.862503
0.860441
0.856937
0.856937
0.86106
0.854875
0.864564
0.860647
0.861678
0.86209
0.857761
0.859617
0.859823
0.856112
0.850752
0.847248
0.843744
0.842301
0.843331
0.844774
0.842507
0.845805
0.843331
0.84127
0.844568
0.84766
0.849928
0.846011
0.844568
0.848897
0.842919
0.84498
0.844362
0.842713
0.854669
0.853226
0.85941
0.853432
0.859617
0.858586
0.856937
0.860029
0.85941
0.855494
0.854669
0.852608
0.856731
0.852814
0.856731
0.865182
0.856524
0.861472
0.856524
0.861678
0.860235
0.860029
0.860647
0.863121
0.86477
0.856731
0.856318
0.856731
0.857967
0.856318
0.859204
0.862709
0.86106
0.854669
0.858792
0.854875
0.857349
0.854257
0.851577
0.849722
0.848073
0.851577
0.850546
0.849103
0.846836
0.850959
0.84766
0.838796
0.849103
0.844774
0.847042
0.848073
0.845187
0.841888
0.84766
0.842919
0.840445
0.846836
0.849516
0.849722
0.851165
0.844774
0.848897
0.851577
0.84766
0.845805
0.848897
0.852195
0.850959
0.849928
0.851371
0.850752
0.851577
0.850134
0.849103
0.850959
0.85302
0.856112
0.854463
0.857761
0.862915
0.858586
0.853226
0.857349
0.854669
0.853226
0.849103
0.851989
0.851577
0.844568
0.849928
0.851577
0.855906
0.856318
0.85941
0.859204
0.853638
0.853845
0.8557
0.857967
0.857967
0.854875
0.853638
0.852608
0.852608
0.851989
0.851989
0.854669
0.856937
0.854669
0.859204
0.855906
0.855906
0.852814
0.847248
0.852814
0.847454
0.852814
0.855288
0.850134
0.853226
0.854051
0.850752
0.851165
0.849309
0.849722
0.850546
0.852814
0.856731
0.856731
0.856112
0.855081
0.854463
0.851783
0.853638
0.849722
0.843331
0.844156
0.847042
0.848897
0.845599
0.848279
0.842713
0.849722
0.849309
0.849516
0.861884
0.856318
0.85302
0.851577
0.85302
0.857761
0.856731
0.856318
0.857349
0.852814
0.85302
0.862296
0.860441
0.858998
0.863946
0.861884
0.861266
0.857143
0.857349
0.861472
0.856112
0.853226
0.852195
0.858586
0.858792
0.850752
0.850752
0.853845
0.854875
0.850752
0.853845
0.851165
0.853226
0.851989
0.856112
0.857349
0.853638
0.847866
0.850959
0.853638
0.853845
0.855288
0.855081
0.852402
0.856731
0.8557
0.857761
0.850134
0.854257
0.850546
0.850959
0.855494
0.855288
0.8557
0.850546
0.856731
0.859823
0.860029
0.862503
0.857761
0.856112
0.854051
0.85302
0.851783
0.854669
0.851989
0.856112
0.855081
0.852814
0.855081
0.857143
0.852402
0.854257
0.857349
0.854669
0.857349
0.854463
0.852402
0.853638
0.854463
0.855906
0.864152
0.867244
0.860235
0.85838
0.857143
0.853845
0.857967
0.851989
0.855288
0.849516
0.856318
0.850752
0.854257
0.857349
0.857143
0.848279
0.849722
0.850546
0.854257
0.855288
0.860647
0.857349
0.864976
0.857761
0.861678
0.859617
0.859617
0.862709
0.861266
0.859617
0.857761
0.857143
0.859204
0.860853
0.860235
0.854463
0.854669
0.856524
0.855288
0.85302
0.853638
0.860235
0.858586
0.860647
0.865801
0.865182
0.859823
0.851577
0.854669
0.856524
0.857349
0.853226
0.849928
0.850546
0.849516
0.85302
0.847866
0.855288
0.850959
0.849722
0.845805
0.846836
0.848485
0.842713
0.841888
0.844362
0.843744
0.84395
0.844568
0.839208
0.842094
0.844362
0.841476
0.83591
0.838384
0.845393
0.841888
0.838178
0.842713
0.839208
0.84127
0.838796
0.833436
0.833849
0.836529
0.833849
0.83323
0.830963
0.837559
0.838796
0.838796
0.836735
0.83859
0.833643
0.838796
0.845393
0.845187
0.84498
0.846011
0.848073
0.841476
0.844156
0.832818
0.832612
0.837765
0.841476
0.84663
0.838384
0.837353
0.838796
0.835292
0.841064
0.837765
0.838178
0.841476
0.84395
0.844362
0.84498
0.844156
0.844362
0.845187
0.841682
0.842094
0.844156
0.848691
0.84498
0.848279
0.850752
0.848485
0.842094
0.850959
0.8557
0.857761
0.857555
0.854051
0.862296
0.852814
0.853226
0.853638
0.855494
0.852402
0.853226
0.851989
0.853432
0.851165
0.853638
0.849928
0.853432
0.856112
0.848691
0.853226
0.853432
0.853432
0.848485
0.845599
0.849103
0.848897
0.848897
0.848279
0.851371
0.857555
0.851577
0.85302
0.840651
0.839827
0.842919
0.840033
0.840033
0.837353
0.845599
0.839415
0.840858
0.84663
0.844156
0.848897
0.84498
0.847454
0.848691
0.84663
0.841682
0.84395
0.844568
0.841682
0.846011
0.840033
0.848279
0.841682
0.840858
0.848073
0.844156
0.846423
0.850959
0.85034
0.848691
0.851783
0.855906
0.85941
0.856937
0.857967
0.854257
0.859823
0.86106
0.854669
0.849928
0.846836
0.849103
0.84766
0.847454
0.846217
0.845187
0.847454
0.851783
0.848897
0.852402
0.848279
0.844774
0.849309
0.850546
0.845805
0.846011
0.844774
0.83859
0.843125
0.84766
0.841888
0.843744
0.843537
0.843331
0.840858
0.836116
0.844362
0.849103
0.845393
0.840445
0.842713
0.84127
0.839621
0.843331
0.846217
0.840858
0.842713
0.84663
0.849309
0.844774
0.843125
0.844774
0.845599
0.842094
0.846423
0.842301
0.84498
0.845599
0.836116
0.837147
0.842301
0.834055
0.8322
0.831787
0.836735
0.83591
0.833643
0.835292
0.834055
0.839208
0.84395
0.844362
0.849309
0.849722
0.848897
0.848897
0.845187
0.845393
0.841682
0.838796
0.842507
0.844156
0.843331
0.846836
0.84766
0.847248
0.845805
0.841064
0.847866
0.848897
0.847454
0.852195
0.84663
0.843537
0.844362
0.837972
0.834055
0.83859
0.836322
0.833643
0.833849
0.836322
0.84127
0.839621
0.833849
0.833436
0.832612
0.832612
0.841682
0.837353
0.832818
0.831993
0.838178
0.833436
0.833643
0.834055
0.831169
0.826015
0.83055
0.833436
0.833436
0.84127
0.841888
0.839208
0.829932
0.833849
0.83323
0.836116
0.832612
0.829726
0.830344
0.832406
0.831375
0.827664
0.830138
0.831993
0.827458
0.825809
0.821892
0.81509
0.819213
0.81612
0.817357
0.811998
0.812822
0.822099
0.821068
0.817563
0.819831
0.823542
0.8188
0.814884
0.823542
0.823748
0.818388
0.829314
0.832612
0.831169
0.832818
0.830138
0.832818
0.829726
0.828489
0.824366
0.828901
0.823335
0.831375
0.828283
0.82952
0.827252
0.829314
0.827252
0.827664
0.831169
0.828283
0.83055
0.830138
0.834673
0.830757
0.830344
0.83591
0.835498
0.835292
0.839827
0.836735
0.840033
0.841888
0.84127
0.839002
0.836322
0.833436
0.832818
0.834467
0.841888
0.836116
0.833024
0.834261
0.839415
0.833849
0.833643
0.827458
0.828901
0.829314
0.828077
0.827458
0.829726
0.838796
0.828695
0.835292
0.836941
0.834055
0.833024
0.836529
0.83323
0.83323
0.836941
0.836735
0.836116
0.835498
0.836529
0.833024
0.833024
0.82684
0.828077
0.834055
0.835292
0.837972
0.834879
0.84127
0.837972
0.83859
0.833643
0.835498
0.839621
0.844774
0.847042
0.841476
0.849516
0.849103
0.851783
0.85034
0.848279
0.843331
0.848279
0.846011
0.844156
0.846217
0.85034
0.853845
0.85302
0.852814
0.851165
0.854669
0.853845
0.847248
0.851989
0.847866
0.845393
0.847454
0.848691
0.848897
0.851371
0.855081
0.849516
0.856524
0.857967
0.855081
0.852402
0.851165
0.85302
0.856112
0.851989
0.846836
0.855288
0.848897
0.852402
0.846217
0.85034
0.853432
0.852608
0.852814
0.852402
0.852608
0.848279
0.854051
0.848485
0.849516
0.848073
0.851371
0.847866
0.848279
0.851165
0.849516
0.852195
0.848485
0.850546
0.856937
0.852402
0.85302
0.852608
0.850546
0.847248
0.846011
0.843744
0.845805
0.848073
0.844156
0.846423
0.851577
0.850959
0.854051
0.854669
0.850959
0.855494
0.851989
0.85302
0.849309
0.849516
0.850134
0.849103
0.849309
0.849722
0.855906
0.848485
0.850752
0.85034
0.845393
0.847454
0.847866
0.846836
0.84127
0.846217
0.84663
0.851989
0.850752
0.848485
0.849516
0.851165
0.844568
0.85034
0.847866
0.854051
0.849309
0.847866
0.849722
0.851371
0.847042
0.844362
0.840858
0.841064
0.84663
0.840858
0.846423
0.844362
0.838178
0.839002
0.843331
0.846011
0.84498
0.838796
0.845599
0.844156
0.843331
0.843537
0.847042
0.845393
0.842507
0.841064
0.846217
0.845599
0.84498
0.844156
0.841888
0.838384
0.837147
0.839415
0.836941
0.842507
0.837559
0.837765
0.843537
0.84498
0.841064
0.837972
0.844156
0.848485
0.84663
0.846217
0.840651
0.838796
0.843125
0.84766
0.843744
0.845805
0.844156
0.846217
0.847454
0.844568
0.840858
0.848279
0.84395
0.841888
0.846011
0.834673
0.836941
0.839415
0.837147
0.839208
0.837147
0.834879
0.833436
0.836322
0.831375
0.836322
0.837765
0.842094
0.838796
0.835704
0.83859
0.840033
0.836529
0.836735
0.841888
0.835498
0.836941
0.839827
0.842301
0.841888
0.840033
0.839002
0.839208
0.836735
0.841476
0.844156
0.840858
0.841682
0.844156
0.844568
0.840445
0.840445
0.846217
0.844568
0.844362
0.839208
0.841476
0.84498
0.842713
0.842301
0.843537
0.847042
0.846011
0.846217
0.842919
0.837765
0.838384
0.836735
0.83859
0.835292
0.832612
0.836941
0.838384
0.835498
0.83859
0.84663
0.842301
0.838796
0.838796
0.847454
0.842919
0.838796
0.848279
0.848279
0.847248
0.843537
0.845805
0.84663
0.846217
0.849722
0.849516
0.843537
0.842919
0.842919
0.843537
0.847042
0.842919
0.835292
0.837147
0.841064
0.847248
0.841476
0.842507
0.84498
0.847866
0.842507
0.844156
0.842301
0.841888
0.840651
0.841064
0.838796
0.838384
0.841682
0.846423
0.847454
0.847866
0.845599
0.845805
0.842919
0.844568
0.845805
0.848073
0.843331
0.84127
0.84395
0.842094
0.841064
0.846011
0.842301
0.841682
0.842094
0.834467
0.835704
0.83859
0.83323
0.839415
0.842713
0.836735
0.834055
0.83055
0.83591
0.836735
0.836941
0.836529
0.834467
0.836735
0.834673
0.842301
0.841888
0.840445
0.841888
0.843537
0.841888
0.839827
0.835292
0.83323
0.83859
0.838384
0.836322
0.830757
0.83055
0.834879
0.831375
0.8322
0.835292
0.830138
0.828489
0.831993
0.834467
0.836529
0.837559
0.831581
0.829107
0.824985
0.828283
0.828283
0.827664
0.830138
0.831787
0.840445
0.842713
0.844362
0.844156
0.839827
0.837972
0.835704
0.83591
0.837147
0.834879
0.831169
0.839208
0.837972
0.835292
0.836735
0.840239
0.836322
0.836322
0.837559
0.843125
0.846423
0.846836
0.844774
0.844156
0.844362
0.844156
0.851783
0.846011
0.84395
0.833849
0.835704
0.837559
0.839208
0.839208
0.835704
0.833024
0.832406
0.828077
0.834467
0.83323
0.8322
0.829107
0.834261
0.838796
0.840445
0.833643
0.829726
0.834673
0.833849
0.833643
0.830757
0.833436
0.83591
0.837765
0.838796
0.837765
0.838178
0.839621
0.839208
0.840033
0.845187
0.84498
0.852608
0.846217
0.842713
0.838384
0.842094
0.841888
0.839621
0.839415
0.83859
0.839827
0.843125
0.841888
0.836941
0.835086
0.834467
0.83323
0.833024
0.82952
0.83055
0.825397
0.829314
0.832818
0.819213
0.826634
0.829314
0.83055
0.831787
0.8322
0.827252
0.831993
0.82684
0.828489
0.832818
0.831581
0.82952
0.833024
0.833849
0.831787
0.832612
0.828283
0.840445
0.836735
0.841064
0.843744
0.839002
0.839621
0.837353
0.838384
0.839002
0.836529
0.836322
0.835086
0.837559
0.83859
0.844568
0.839621
0.837353
0.838178
0.836941
0.836116
0.836941
0.839415
0.839208
0.847042
0.84766
0.839827
0.840445
0.842094
0.84766
0.846011
0.844568
0.846217
0.841476
0.840858
0.843537
0.841064
0.83859
0.841682
0.843125
0.843744
0.841476
0.84498
0.836529
0.838384
0.836735
0.832406
0.834879
0.836735
0.837765
